These are the xyz coordinates of the 36 drones at the time of a run completion.
15.4449   27.2890  -21.7480
9.7521   28.2190  -22.8286
7.0712   27.4926  -30.4945
8.5365   23.4367  -38.0322
7.6283   11.2041  -43.3399
-1.0927   11.3050  -55.8374
8.1555   23.2772  -12.2055
1.6355   23.7708  -16.2957
-1.8413   24.0000  -25.3338
2.5608   23.5058  -35.3219
7.6722   17.7118  -42.1687
13.5320   13.7021  -53.2171
3.8981   14.0000   -8.3446
-4.5607   14.0000  -15.3547
-7.2751   14.0000  -25.3265
-4.4008   14.0000  -35.3537
5.2583   14.0008  -42.6267
15.5228   14.0001  -41.6857
4.7209    4.0000   -8.6207
-3.9611    4.0000  -15.3504
-6.7169    4.0000  -25.3454
-3.8011    4.0000  -35.3492
6.3480    4.7997  -42.5605
15.6395   10.0324  -42.3386
8.9647   -4.7595  -14.1788
3.3631   -5.3428  -17.3879
0.4325   -5.6687  -25.7403
4.2456   -4.1131  -35.3367
10.5054    2.3692  -42.3182
6.1927    8.8388  -51.3934
13.9143   -7.9103  -25.2384
10.4630   -8.4827  -26.4066
8.4440   -6.5123  -33.3486
7.6690   -1.7452  -39.5146
13.6534    4.1944  -41.3640
3.5876   -1.8143  -60.023
